State | ELEMENT | ACTION | NEXT STATE | NR OF REDUCED TOKENS
0	0	0	-1	-1
0	2	1	1	-1
0	4	1	2	-1
0	5	1	3	-1
0	7	1	4	-1
0	8	1	5	-1
0	11	1	6	-1
0	100	3	7	-1
0	101	3	8	-1
0	102	3	9	-1
0	103	3	10	-1
0	104	3	11	-1
0	105	3	12	-1
0	107	3	13	-1
0	110	3	14	-1
0	111	3	15	-1
0	113	3	16	-1
1	1	2	105	1
2	2	1	17	-1
2	112	3	18	-1
3	2	1	17	-1
3	112	3	19	-1
4	2	1	20	-1
4	114	3	21	-1
5	2	1	17	-1
5	112	3	22	-1
6	2	1	1	-1
6	4	1	2	-1
6	5	1	3	-1
6	7	1	4	-1
6	8	1	5	-1
6	11	1	6	-1
6	100	3	23	-1
6	101	3	8	-1
6	102	3	9	-1
6	103	3	10	-1
6	104	3	11	-1
6	105	3	12	-1
6	107	3	13	-1
6	110	3	14	-1
6	111	3	15	-1
6	113	3	16	-1
7	0	1	24	-1
7	10	1	25	-1
7	9	1	26	-1
8	6	1	27	-1
8	1	2	100	1
9	1	2	101	1
10	4	1	2	-1
10	5	1	3	-1
10	7	1	4	-1
10	8	1	5	-1
10	1	2	102	1
10	109	3	28	-1
10	110	3	29	-1
10	111	3	15	-1
10	113	3	16	-1
11	1	2	102	1
12	2	1	30	-1
12	4	1	2	-1
12	5	1	3	-1
12	7	1	4	-1
12	8	1	5	-1
12	1	2	104	1
12	108	3	31	-1
12	110	3	32	-1
12	111	3	15	-1
12	113	3	16	-1
13	2	1	33	-1
13	4	1	2	-1
13	5	1	3	-1
13	7	1	4	-1
13	8	1	5	-1
13	1	2	104	1
13	106	3	34	-1
13	110	3	35	-1
13	111	3	15	-1
13	113	3	16	-1
14 	1	2	107	1
15	1	2	110	1
16	1	2	110	1
17	1	2	112	1
18	1	2	111	1
19	1	2	111	1
20	1	2	114	1
21	1	2	113	1
22	1	2	111	1
23	10	1	25	-1
23	9	1	26	-1
23	12	1	36	-1
24	1	0	-1	-1
25	2	1	1	-1
25	4	1	2	-1
25	5	1	3	-1
25	7	1	4	-1
25	8	1	5	-1
25	11	1	6	-1
25	101	3	37	-1
25	102	3	9	-1
25	103	3	10	-1
25	104	3	11	-1
25	105	3	12	-1
25	107	3	13	-1
25	110	3	14	-1
25	111	3	15	-1
25	113	3	16	-1
26	2	1	1	-1
26	4	1	2	-1
26	5	1	3	-1
26	7	1	4	-1
26	8	1	5	-1
26	11	1	6	-1
26	101	3	38	-1
26	102	3	9	-1
26	103	3	10	-1
26	104	3	11	-1
26	105	3	12	-1
26	107	3	13	-1
26	110	3	14	-1
26	111	3	15	-1
26	113	3	16	-1
27	2	1	1	-1
27	4	1	2	-1
27	5	1	3	-1
27	7	1	4	-1
27	8	1	5	-1
27	11	1	6	-1
27	102	3	39	-1
27	103	3	10	-1
27	104	3	11	-1
27	105	3	12	-1
27	107	3	13	-1
27	110	3	14	-1
27	111	3	15	-1
27	113	3	16	-1
28	4	1	2	-1
28	5	1	3	-1
28	7	1	4	-1
28	8	1	5	-1
28	1	2	102	2
28	110	3	40	-1
28	111	3	15	-1
28	113	3	16	-1
29	1	2	109	1
30	1	2	108	1
31	2	1	41	-1
31	4	1	2	-1
31	5	1	3	-1
31	7	1	4	-1
31	8	1	5	-1
31	1	2	104	2
31	110	3	42	-1
31	111	3	15	-1
31	113	3	16	-1
32	1	2	108	1
33	1	2	106	1
34	2	1	30	-1
34	4	1	2	-1
34	5	1	3	-1
34	7	1	4	-1
34	8	1	5	-1
34	1	2	104	2
34	108	3	43	-1
34	110	3	32	-1
34	111	3	15	-1
34	113	3	16	-1
35	1	2	107	2
36	1	2	103	3
37	6	1	27	-1
37	1	2	100	3
38	6	1	27	-1
38	1	2	100	3
39	1	2	101	3
40	1	2	109	2
41	1	2	108	2
42	1	2	108	2
43	2	1	41	-1
43	4	1	2	-1
43	5	1	3	-1
43	7	1	4	-1
43	8	1	5	-1
43	1	2	104	3
43	110	3	42	-1
43	111	3	15	-1
43	113	3	16	-1